2870   4.58293   0.000384951   0.0305489   5.30457e-06   2.43161  0.000130445   -0.00272669   2.3944e-05    -0.00605759   6.36834e-06
2871   4.58195   0.00157362    0.0305365   2.16989e-05   2.43103  0.000539068   -0.00274473   9.74059e-05   -0.00604519   2.60527e-05
2873   4.58307   0.00127667    0.0305500   1.75903e-05   2.43205  0.00043285    -0.00280015   7.99653e-05   -0.00607628   2.11038e-05
2977   4.58592   0.000572174   0.0305815   7.88342e-06   2.43055  0.000193814   -0.00286116   3.5308e-05    -0.00602061   9.45952e-06
3214   4.58959   0.000750716   0.0306432   1.03772e-05   2.42976  0.000257634   -0.0026496    4.57588e-05   -0.00594973   1.2456e-05
3215   4.58924   0.000442474   0.0306362   6.11045e-06   2.4298   0.000151966   -0.00263767   2.70735e-05   -0.00595102   7.33266e-06
3216   4.58953   0.000714401   0.0306402   9.86537e-06   2.42963  0.000244617   -0.00264894   4.34961e-05   -0.00593831   1.18574e-05
3274   4.59277   0.000714626   0.0306837   9.86851e-06   2.43035  0.000244374   -0.00267274   4.37053e-05   -0.00591909   1.18363e-05
3275   4.59100   0.000541120   0.0306602   7.47758e-06   2.43031  0.000185761   -0.00269155   3.30972e-05   -0.00592855   8.97024e-06

