21874   4.58805   0.000496349   0.0306186   6.80109e-06   2.42931  0.000166337   -0.00283985   2.93809e-05   0.00568729   8.39599e-06
21875   4.59013   0.000738276   0.0306443   1.00823e-05   2.42893  0.000247251   -0.00283504   4.32157e-05   0.00564969   1.2427e-05
21877   4.58971   0.00134495   0.0306436   1.8478e-05   2.42863  0.000455817   -0.00293052   7.98732e-05   0.00567764   2.28369e-05
22012   4.59905   0.000690235   0.0307557   9.28894e-06   2.42571  0.000226205   -0.00270116   3.87545e-05   0.00560942   1.1416e-05
22172   4.55026   0.000367504   0.0301326   5.03961e-06   2.41729  0.000124212   -0.00524763   2.15277e-05   0.00649536   6.26941e-06
22173   4.54860   0.000220420   0.0301105   3.02379e-06   2.41744  7.44963e-05   -0.00524079   1.29786e-05   0.00651675   3.76474e-06
22174   4.54839   0.000349178   0.0301075   4.79085e-06   2.41773  0.000118211   -0.00524208   2.05942e-05   0.00651497   5.96636e-06
22230   4.56793   0.000461024   0.0303692   6.26497e-06   2.41349  0.000153403   -0.0052703   2.56388e-05   0.00630019   7.76295e-06
22231   4.55075   0.000284933   0.0301403   3.89871e-06   2.4159  9.60269e-05   -0.00522561   1.65081e-05   0.00650046   4.84899e-06

